а 0,007 0,009121781006044211
актерский 0,001 2,536918845301391E-05
активный 0,001 9,535699343961807E-05
американский 0,001 0,00020751551081083744
аминь 0,001 5,118345038765963E-06
аналогия 0,001 1,6245182079561536E-05
антигенный 0,001 8,122591039780768E-06
аукцион 0,001 1,8915622969352476E-05
бассейн 0,001 3,716363571625721E-05
без 0,002 0,001133602157716253
беззащитный 0,001 1,2239520744875131E-05
белый 0,002 0,0003778673859054177
берег 0,001 0,00018325900606190308
болтаться 0,001 1,5577571857113804E-05
брать 0,001 0,0002518003222332038
брод 0,001 3,449319482646628E-06
будто 0,001 0,00019338442776902707
буквально 0,001 8,122591039780769E-05
быстро 0,001 0,0002845132231331428
быть 0,021 0,013531012720200275
в 0,044 0,03490956106853285
вагон 0,001 7,888927461924062E-05
валюта 0,001 3,237909578871512E-05
вверх 0,001 8,82358177335089E-05
ввести 0,001 7,633010209985763E-05
ввиду 0,001 1,6912792302009272E-05
вдоль 0,001 7,421600306210649E-05
ведь 0,001 0,0005473291140367342
вера 0,001 0,00018370407954353493
вернуться 0,001 0,00034626716870955824
верный 0,001 9,991899662634425E-05
версия 0,001 6,052999350192792E-05
весна 0,001 0,00010158802218246358
весомый 0,001 8,790201262228504E-06
вести 0,001 0,00031188524225349995
весь 0,003 0,004212954308756428
вечер 0,001 0,00037319411434828353
взволнованный 0,001 2,892977630606849E-06
вид 0,001 0,0006899751648997335
видеть 0,001 0,0009103978066778939
власть 0,001 0,0004846850214970552
вне 0,001 6,60934120223257E-05
во 0,003 0,0012993920296241071
военный 0,001 0,0003101049483269726
вождь 0,001 4,6955252312157326E-05
возвышаться 0,001 1,2795862596914909E-05
возглавить 0,001 2,2031137340775237E-05
возле 0,001 0,00012350789115283086
возможность 0,001 0,00045341860941241964
возникнуть 0,001 0,00014865454286502885
возрасти 0,001 2,9931191639740093E-05
возрождение 0,001 2,937484978770031E-05
войти 0,001 0,00022865650118834903
вообще 0,002 0,0004646567148236232
воротник 0,001 1,9694501562208163E-05
воспроизведение 0,001 6,4535654836614325E-06
вот 0,003 0,001986251680152418
вперед 0,001 0,0001425347824925913
впереди 0,001 7,710898069271332E-05
впрочем 0,001 0,0002455692934903583
врать 0,001 4,762286253460505E-05
временной 0,001 5,7303210760097204E-05
время 0,001 0,0022428365423131638
все 0,003 0,003456885731834369
всегда 0,001 0,0006808511585262811
всего 0,001 0,00018993510828638042
вселенная 0,001 3,771997756829699E-05
встречать 0,001 8,612171869575774E-05
вы 0,002 0,003233903917536826
выбирать 0,001 7,254697750598714E-05
выборы 0,001 0,00013096287197016392
выводить 0,001 2,8039629342804846E-05
выдающийся 0,001 3,8498856161152685E-05
высокопоставленный 0,001 1,2128252374467175E-05
вышеупомянутый 0,001 5,007076668358008E-06
где 0,001 0,0012564424386466361
главный 0,002 0,0005058260118745668
глубоко 0,001 6,498072831824614E-05
глухой 0,001 4,528622675603799E-05
го 0,001 1,9249428080576342E-05
говорят 0,001 5,852716283458472E-05
год 0,005 0,00414752850695655
голландский 0,001 1,1460642152019442E-05
голос 0,001 0,0004723342323817721
горелый 0,001 3,1155143714227603E-06
государство 0,001 0,0003631799610115675
готовый 0,001 0,00027650190046377
гражданство 0,001 1,8915622969352476E-05
грузин 0,001 1,591137696833767E-05
да 0,002 0,0008912596469677254
давать 0,001 0,0004124718491022919
даже 0,002 0,0013127442340730617
далекий 0,003 0,0003541672230085231
далеко 0,001 0,00018414915302516674
дать 0,002 0,0006376790308079943
два 0,001 0,001429909828112639
движение 0,001 0,0002722737023882677
дебил 0,001 3,449319482646628E-06
действительно 0,001 0,00029886684291576915
делать 0,002 0,0007801025449301777
делаться 0,001 8,311747269474294E-05
дело 0,003 0,0015712206585307429
день 0,001 0,001400201173213715
деревня 0,001 0,00013919673138035262
десяток 0,001 0,00011761066752120921
деятельность 0,001 0,00034882634122894126
диван 0,001 6,68722906151814E-05
динамический 0,001 1,5577571857113804E-05
длина 0,001 7,532868676618604E-05
для 0,006 0,0035931894855841147
добровольно 0,001 1,6245182079561536E-05
добрый 0,001 0,00019038018176801227
догадываться 0,001 3,805378267952087E-05
доклад 0,001 7,243570913557918E-05
долгий 0,001 0,00015076864190278002
долго 0,001 0,00028162024550253595
должен 0,002 0,001050595953391918
дорога 0,002 0,0003672968907166619
дорогой 0,001 0,00021997756829652849
достигнуть 0,002 0,0001083753927773489
древний 0,001 9,747109247736922E-05
другой 0,001 0,0020443337695053706
думать 0,001 0,0008406325384321056
дурак 0,001 7,76653225447531E-05
дух 0,001 0,00017079694857621207
душа 0,001 0,0003970055456155861
дышать 0,001 7,16568305427235E-05
его 0,007 0,002868387320746691
единый 0,001 0,0001794758814680326
если 0,001 0,0022232533091213636
еще 0,001 0,0025857656599104833
жаждать 0,001 1,8470549487720652E-05
жалкий 0,001 3,3825584604018544E-05
же 0,004 0,0034986113707373523
железо 0,001 3,182275393667534E-05
жесткий 0,001 8,189352062025541E-05
живой 0,001 0,0003160021719585943
жизнь 0,001 0,0015464078119297687
журнал 0,002 0,0001802547600608883
за 0,003 0,004344028449097
заболевание 0,001 5,385389127745057E-05
забыть 0,002 0,00025146651712197994
завтра 0,001 0,0001541066930150187
загадка 0,001 2,8595971194844625E-05
задание 0,001 5,619052705601765E-05
задача 0,001 0,000314221878032067
задний 0,001 9,669221388451354E-05
заметить 0,001 0,00028251039246579964
замечательный 0,001 9,724855573655332E-05
занимать 0,001 0,00012539945344976612
затем 0,001 0,0002684905777943972
затылок 0,001 3,527207341932197E-05
захотеть 0,001 7,833293276720085E-05
заявлять 0,001 3,4493194826466276E-05
зверь 0,001 5,463276987030627E-05
здесь 0,001 0,0008865863754105913
здравоохранение 0,001 2,2476210822407057E-05
знак 0,001 0,00012016984004059219
знакомство 0,001 5,1739792239699415E-05
знать 0,001 0,0019069173320515453
значит 0,002 0,0003058767502514703
зов 0,001 8,567664521412592E-06
и 0,039 0,0398360794367155
игра 0,001 0,0002214240571118319
из 0,003 0,004800228767769619
из-за 0,001 0,00032223320070143985
изготовить 0,001 2,5591725193829818E-05
изделие 0,001 5,785955261213698E-05
изо 0,001 3,883266127237655E-05
изображать 0,001 3,805378267952087E-05
изолировать 0,001 9,457811484676238E-06
изучать 0,001 6,342297113253477E-05
или 0,003 0,002609243286066562
именно 0,001 0,0006135337944294679
имущество 0,001 9,836123944063288E-05
имя 0,001 0,00044696504392875816
иначе 0,001 0,0001437587345670788
индивидуальный 0,001 6,831877943048483E-05
иной 0,001 0,00038754773413090984
интересный 0,001 0,00019127032873127593
интернет 0,001 4,606510534889367E-05
искать 0,001 0,00023021425837406042
исключение 0,001 8,712313402942933E-05
история 0,002 0,0004939202962409155
исчезнуть 0,001 0,00011115710203754778
к 0,01 0,005996252481284735
кабинет 0,001 0,00016523353005581427
как 0,008 0,004899925227655147
какой 0,002 0,0012147167997436528
какой-то 0,001 0,0008485325927310704
калитка 0,001 2,058464852547181E-05
картина 0,001 0,0002046225331802306
картинка 0,001 4,039041845808793E-05
картофельный 0,001 6,6761022244773445E-06
квартира 0,001 0,00032367968951674324
ко 0,002 0,0002667102838678699
когда 0,002 0,002109314497823617
когда-нибудь 0,001 4,4952421644814115E-05
колготки 0,001 5,674686890805742E-06
комиссия 0,001 0,00013274316589669119
конечно 0,001 0,0007202401616506974
конференция 0,001 6,442438646620637E-05
корабль 0,001 0,0001251769167089502
коробка 0,001 5,452150149989831E-05
котел 0,001 2,7594555861173022E-05
который 0,004 0,004683285710470857
круглый 0,001 8,000195832332018E-05
кто 0,001 0,0015297175563685754
кто-то 0,001 0,0003471573156728219
курс 0,001 0,00014965595819870045
кухня 0,001 0,00013363331285995482
лагерь 0,001 9,858377618144877E-05
лестница 0,001 9,24640158090112E-05
летний 0,001 0,00010370212122021475
ли 0,001 0,0010923215922949015
литературный 0,001 9,535699343961807E-05
лицо 0,001 0,0009769362921818513
личность 0,001 0,00012862623619159684
лишать 0,001 1,646771882037745E-05
ловкий 0,001 1,1460642152019442E-05
лошадь 0,001 9,00161116600362E-05
лыжный 0,001 8,567664521412592E-06
любитель 0,001 3,771997756829699E-05
май 0,001 0,00010793031929571707
маленький 0,001 0,0004607623218593447
мало 0,001 0,00016734762909356544
мастер 0,001 0,00011215851737121939
материальный 0,001 7,532868676618604E-05
мгновение 0,001 6,130887209478361E-05
между 0,001 0,0006759553502283311
мелькнуть 0,001 2,459030986015822E-05
место 0,001 0,0010310127202001178
мечтать 0,001 8,055830017535996E-05
минута 0,001 0,0003829857309441836
мир 0,001 0,0007952350433056597
много 0,002 0,0005340881779581875
можно 0,002 0,0012527705824231738
мой 0,002 0,0019141497761280624
монашеский 0,001 6,00849200202961E-06
море 0,001 0,0001774730508006894
мороженое 0,001 2,091845363669568E-05
морозный 0,001 1,0570495188755795E-05
морщинка 0,001 6,1197603724375654E-06
мочь 0,001 0,003240468751390895
мраморный 0,001 1,4687424893850156E-05
муж 0,001 0,0002926358141729236
мужчина 0,001 0,0002817315138729439
мы 0,006 0,005234954290953502
на 0,022 0,01765528613774156
набросок 0,001 5,8972236316216535E-06
навык 0,001 2,370016289689457E-05
надвигаться 0,001 1,1460642152019442E-05
надо 0,002 0,0011051174548918164
назад 0,001 0,0003234571527759273
найти 0,003 0,0004718891589001403
накопиться 0,001 1,2462057485691041E-05
налоговый 0,001 9,402177299472259E-05
написать 0,001 0,00037408426131154717
наполовину 0,001 1,7246597413233138E-05
например 0,001 0,0004428481142236638
напротив 0,001 6,10863353539677E-05
наступить 0,001 7,466107654373829E-05
наука 0,001 0,0002659314052750142
наш 0,003 0,0019269456387249774
не 0,019 0,02005946181714626
невозможный 0,001 7,532868676618604E-05
неизбежно 0,001 2,3477626156078663E-05
нельзя 0,001 0,00035349961278607537
немало 0,001 5,696940564887334E-05
немецкий 0,001 0,0001375277058242333
необходимо 0,001 0,00016578987190785406
непосредственный 0,001 4,294959097747092E-05
неприятный 0,001 5,1739792239699415E-05
нести 0,001 0,0001341896547119946
нефтегазовый 0,001 6,1197603724375654E-06
нехватка 0,001 1,2573325856098999E-05
ни 0,001 0,0009549051548410762
низко 0,001 1,6133913709153582E-05
но 0,003 0,00598779608513373
новый 0,003 0,0013546924097168611
номер 0,001 0,00022387196126080693
ну 0,001 0,0012401972565670746
нужный 0,002 0,0003915533954655962
о 0,003 0,00379102464816946
об 0,002 0,0007950125065648438
обдумывать 0,001 9,235274743860326E-06
обедать 0,001 2,0807185266287723E-05
обидеться 0,001 3,59396836417697E-05
обличье 0,001 4,116929705094363E-06
обозримый 0,001 5,452150149989831E-06
обратно 0,001 9,758236084777718E-05
обращаться 0,001 0,00010971061322224435
обходить 0,001 1,980576993261612E-05
общий 0,001 0,000547885455888774
объемный 0,001 1,3129667708138777E-05
обычай 0,001 2,8818507935660533E-05
обязательно 0,001 0,0001337445812303628
овца 0,001 1,9471964821392254E-05
оговорить 0,001 8,122591039780768E-06
один 0,005 0,0024987537942514617
одобрительно 0,001 6,7873705948853E-06
ожидание 0,001 7,121175706109167E-05
оказаться 0,001 0,0005918364621999166
он 0,009 0,013119764823172468
она 0,009 0,006222572346694516
они 0,004 0,005396515964785853
описывать 0,002 4,617637371930163E-05
опустеть 0,001 1,2128252374467175E-05
орбита 0,001 1,669025556119336E-05
орган 0,001 0,00032089798025654434
организатор 0,001 3,4826999937690146E-05
осмелиться 0,001 9,346543114268282E-06
оставаться 0,001 0,0003642926447156471
осторожно 0,001 7,76653225447531E-05
от 0,005 0,004086330903232175
отдельный 0,001 0,00019750135747412142
отец 0,001 0,0005386501811449137
откос 0,001 7,900054298964858E-06
открыть 0,002 0,00023900445963628893
отметка 0,001 1,702406067241723E-05
отработать 0,001 1,6912792302009272E-05
отставка 0,001 3,616222038258562E-05
оттенок 0,001 3,338051112238672E-05
охватывать 0,001 2,403396800811844E-05
оценка 0,001 0,00017958714983844058
очень 0,003 0,0014318013904095744
ощущать 0,001 6,219901905804726E-05
палатка 0,001 3,237909578871512E-05
парень 0,001 0,0001561095236823619
партнерский 0,001 4,784539927542096E-06
переворачивать 0,001 6,342297113253477E-06
перед 0,001 0,0006973188773466587
периодически 0,001 1,4687424893850156E-05
писатель 0,001 0,0001850392999884304
писать 0,001 0,0004943653697225474
письменный 0,001 4,5620031867261854E-05
пить 0,001 0,00022353815614958308
плавание 0,001 1,9026891339760434E-05
платок 0,001 4,484115327440616E-05
плечо 0,001 0,00026303842764440735
плоский 0,001 3,237909578871512E-05
площадь 0,001 0,0001615616738323517
по 0,007 0,006438766790397174
повсюду 0,001 2,1586063859143413E-05
поговорка 0,001 1,0347958447939884E-05
под 0,002 0,0012528818507935816
подать 0,001 8,834708610391686E-05
подлый 0,001 1,35747411897706E-05
подстричь 0,001 5,118345038765963E-06
подходить 0,001 0,00013007272500690026
поездка 0,001 7,76653225447531E-05
пожалуй 0,001 0,00010448099981307044
позволить 0,001 0,00017758431917109735
поздороваться 0,001 1,7580402524457008E-05
позиция 0,001 0,0001864857888037338
познакомиться 0,001 7,477234491414626E-05
пока 0,001 0,0004075760408043419
покинуть 0,001 5,452150149989831E-05
пол 0,001 0,0002023971657720715
полезность 0,001 5,118345038765963E-06
полет 0,001 7,399346632129056E-05
политический 0,001 0,0002999795266198487
получать 0,001 0,00020940707310777268
польза 0,001 8,523157173249408E-05
помада 0,001 1,0125421707123972E-05
понимать 0,001 0,0006227690691733283
понять 0,003 0,0006544805547395957
порознь 0,001 3,2267827418307163E-06
портрет 0,001 8,189352062025541E-05
после 0,001 0,0012018096687763298
последний 0,001 0,0007928984075270926
постоянно 0,001 0,00013864038952831283
постоять 0,001 3,827631942033677E-05
поступить 0,001 9,569079855084193E-05
посылать 0,001 3,905519801319246E-05
потерять 0,001 0,0001437587345670788
потом 0,001 0,0011194710746744428
потому 0,002 0,0008559875735484034
потребительский 0,001 2,0362111784655902E-05
почти 0,001 0,0005582334143367139
пощечина 0,001 5,785955261213698E-06
поэтому 0,002 0,0004687736445287175
появиться 0,001 0,00032779661922183764
правило 0,001 0,00028796254261578944
правый 0,001 0,00023410865133833888
предлог 0,001 1,4131083041810377E-05
предложить 0,001 0,00022387196126080693
предоставление 0,001 3,4493194826466276E-05
представлять 0,001 0,00025424822638217884
прежний 0,001 0,00011527403174264213
пресвятой 0,001 5,785955261213698E-06
при 0,001 0,0017255498882865776
привести 0,001 0,00023889319126588096
привычный 0,001 6,353423950294272E-05
пригласить 0,001 0,00010926553974061253
придавать 0,001 4,128056542135158E-05
придраться 0,001 3,560587853054584E-06
признаваться 0,001 4,417354305195843E-05
применение 0,001 0,00013274316589669119
примириться 0,001 6,4535654836614325E-06
пристав-исполнитель 0,001 5,118345038765963E-06
приятель 0,001 5,997365164988814E-05
пробиваться 0,001 1,2795862596914909E-05
проблема 0,001 0,0005284134910673818
проводник 0,001 1,6801523931601314E-05
прогонять 0,001 3,560587853054584E-06
программа 0,001 0,00031444441477288296
продажа 0,001 9,713728736614535E-05
продать 0,001 7,599629698863377E-05
продолговатый 0,001 6,342297113253477E-06
производственный 0,001 6,231028742845521E-05
пройти 0,001 0,00044329318770529563
прокладка 0,001 7,788785928556902E-06
прорвать 0,001 7,121175706109168E-06
проститутка 0,001 1,5800108597929716E-05
просто 0,002 0,0007304768517282294
прочее 0,001 0,00010225563240491133
прочно 0,001 1,5800108597929716E-05
прошлое 0,001 0,0001237304278936468
прямо 0,001 0,00014498268664156635
публикация 0,001 5,418769638867445E-05
пункт 0,001 0,00016022645338745626
путь 0,001 0,00039756188746762586
пытаться 0,001 0,0002775033157974416
пятнадцать 0,001 6,564833854069388E-05
пять 0,001 0,0003163359770698182
пятьдесят 0,001 7,911181136005653E-05
работа 0,001 0,0011775531640273954
ради 0,001 0,00012150506048548767
радио 0,001 5,4855306611122175E-05
разбираться 0,001 3,59396836417697E-05
развязка 0,001 7,009907335701212E-06
раздвинуть 0,001 7,454980817333035E-06
раздевалка 0,001 6,00849200202961E-06
разница 0,001 7,343712446925079E-05
разочарование 0,001 1,8470549487720652E-05
разумеется 0,001 0,00011093456529673187
ранний 0,001 0,00025113271201075607
расслабляться 0,001 5,22961340917392E-06
рассчитывать 0,001 6,475819157743024E-05
расти 0,001 0,0001399756099732083
рвануться 0,001 1,1238105411203529E-05
реализовать 0,001 4,9848229942764165E-05
резервуар 0,001 5,340881779581875E-06
решить 0,001 0,00045586651356139467
рука 0,001 0,0013358880551179164
русский 0,001 0,0005902787050142052
рыдать 0,001 1,7357865783641096E-05
рынок 0,001 0,0003152232933657386
ряд 0,001 0,0002648187215709347
с 0,016 0,012586566792177544
сам 0,003 0,0022101236414132247
самый 0,001 0,001120917563489746
сбить 0,001 3,29354376407549E-05
свернуть 0,001 3,371431623361059E-05
свет 0,001 0,00040023232835741676
светило 0,001 7,343712446925078E-06
свидетельствовать 0,001 7,655263884067354E-05
свой 0,006 0,004256571509956347
связать 0,001 0,00017825192939354507
сделать 0,001 0,0008272803339831509
себя 0,005 0,0025289075226320183
сейчас 0,002 0,0009984110876705868
секретный 0,001 2,7817092601988934E-05
секунда 0,002 0,00011705432566916944
семья 0,001 0,0003077683125484056
сепаратист 0,001 3,2267827418307163E-06
серебро 0,001 1,6801523931601314E-05
середина 0,001 9,813870269981697E-05
сеть 0,001 0,0001173881307803933
сигнал 0,001 6,286662928049499E-05
сидеть 0,001 0,0005987351011652099
сила 0,001 0,0007185711360945781
сказать 0,001 0,002666657765197067
сконструировать 0,001 5,563418520397787E-06
скоро 0,001 0,00018615198369250995
следовать 0,001 0,000339479798114673
словно 0,001 0,00023277343089344338
служить 0,001 0,0001561095236823619
слушать 0,001 0,000266487747127054
смотреть 0,001 0,0007423825673618808
смысл 0,001 0,00032779661922183764
со 0,001 0,0012810327485067944
собираться 0,001 0,00021430288140572275
советовать 0,001 3,616222038258562E-05
советский 0,001 0,0004260465902920625
совместно 0,001 3,249036415912307E-05
совсем 0,001 0,0005123908457286361
содержание 0,001 0,00015277147257012323
создание 0,001 0,00022932411141079675
соответствие 0,001 0,00015688840227521758
сопровождение 0,001 2,2810015933630927E-05
соскользнуть 0,001 4,005661334686407E-06
сосна 0,001 3,349177949279468E-05
состав 0,001 0,00023344104111589116
составной 0,001 1,2239520744875131E-05
социолог 0,001 1,0236690077531927E-05
спасать 0,001 3,682983060503335E-05
способ 0,001 0,0001827026642098633
сразу 0,001 0,0005407642801826648
среди 0,001 0,0003503840984146526
средство 0,001 0,0004049055999145509
ставка 0,001 6,197648231723135E-05
стакан 0,001 8,100337365699178E-05
становиться 0,001 0,00028851888446782925
старик 0,001 0,00016801523931601317
старушка 0,001 3,5383341789729924E-05
статистический 0,001 4,662144720093345E-05
стать 0,001 0,0018045504312762261
стиснуть 0,001 1,1238105411203529E-05
стихотворение 0,001 5,418769638867445E-05
стоимость 0,001 0,00010915427137020457
стол 0,001 0,00044785519089202185
столько 0,001 0,00011093456529673187
страница 0,001 0,0001058162202579659
строгий 0,001 6,98765366161962E-05
структура 0,001 0,00022487337659447853
судно 0,001 3,705236734584926E-05
сумка 0,001 6,175394557641543E-05
сумма 0,002 0,0001453164917527902
сумрак 0,001 9,569079855084192E-06
суть 0,001 0,00011672052055794558
сущность 0,001 6,898638965293255E-05
счастье 0,001 0,00016601240864866994
сыграть 0,001 8,990484328962823E-05
сынок 0,001 1,9694501562208163E-05
тайный 0,001 5,652433216724151E-05
так 0,004 0,003828077015515309
там 0,001 0,0012552184865721485
телеграф 0,001 6,00849200202961E-06
тема 0,001 0,0002204226417781603
теперь 0,004 0,0009700376532165581
тепло 0,001 5,496657498153013E-05
территория 0,001 0,00020350984947615106
технологический 0,001 5,474403824071423E-05
технология 0,001 0,0001485432744946209
тишина 0,001 8,411888802841453E-05
то 0,006 0,004411123276452997
тогда 0,001 0,0009297585031288781
только 0,002 0,0026612056150470773
тот 0,003 0,0033014438183744544
три 0,001 0,0006639383662242719
трибуна 0,001 2,892977630606849E-05
тринадцатый 0,001 7,009907335701212E-06
трое 0,001 6,843004780089278E-05
трудолюбивый 0,001 4,673271557134141E-06
тут 0,001 0,0009782715126267468
ты 0,002 0,0035285425623770923
тысяча 0,001 0,00046287642089709585
тяжелый 0,001 0,0002006168718455442
у 0,002 0,004791327298136983
увеличить 0,001 4,817920438664483E-05
угадывать 0,001 8,34512778059668E-06
угол 0,001 0,00018704213065577358
удивиться 0,001 9,379923625390668E-05
уж 0,001 0,00038320826768499955
уже 0,003 0,002424760327930171
улыбаться 0,001 0,00012384169626405473
умереть 0,001 0,00019994926162309644
уместный 0,001 1,0014153336716016E-05
уничтожение 0,001 3,1377680455043516E-05
упасть 0,001 0,00011794447263243308
уровень 0,001 0,0003877702708717257
условие 0,001 0,0004095788714716851
услышать 0,001 0,000178474466134361
успех 0,002 0,00016634621375989381
уста 0,001 2,2587479192815015E-05
утверждение 0,001 5,251867083255511E-05
ухватиться 0,001 1,045922681834784E-05
уходить 0,001 0,0002144141497761307
участвовать 0,001 0,00012573325856098997
учесть 0,001 4,85130094978687E-05
учет 0,001 0,00011950222981814446
фактор 0,001 0,00010147675381205564
федеральный 0,001 0,00023243962578221953
федерация 0,001 0,0002880738109861974
фермерский 0,001 4,784539927542096E-06
философия 0,001 5,9528578168256316E-05
форменный 0,001 7,343712446925078E-06
фрагмент 0,001 3,39368529744265E-05
характер 0,001 0,00021218878236797158
хватить 0,001 0,00011939096144773651
холодно 0,001 3,794251430911291E-05
хороший 0,001 0,0005245190981031033
хотеть 0,001 0,0011030033558540652
хоть 0,001 0,00022687620726182176
хотя 0,003 0,0006085267177611098
центр 0,001 0,00029586259691475426
центральный 0,001 0,00012506564833854225
церковь 0,001 0,00019872530954860893
чей 0,001 9,023864840085209E-05
человек 0,001 0,0030298377262086345
чем 0,001 0,0008023562190117688
чемпионат 0,001 5,8304626093768806E-05
через 0,004 0,0008961554552656755
черновик 0,001 6,00849200202961E-06
чистый 0,001 0,00017691670894864962
чрезвычайно 0,001 4,85130094978687E-05
что 0,014 0,009295359663880622
что-то 0,001 0,0007428276408435125
чтобы 0,005 0,001646438076926521
шаг 0,001 0,0002267649388914138
шахта 0,001 2,3032552674446836E-05
шепот 0,001 3,0042460010148047E-05
шинель 0,001 2,8595971194844625E-05
широко 0,001 7,121175706109167E-05
школа 0,001 0,0003516080504891401
экспертиза 0,001 3,2267827418307164E-05
элемент 0,001 0,00013841785278749695
эпидемия 0,001 1,1571910522427397E-05
эстрадный 0,001 9,680348225492148E-06
этап 0,002 0,00012272901255997516
это 0,009 0,006350976046145298
этот 0,006 0,006024069573886724
эффект 0,001 7,26582458763951E-05
эх 0,001 3,427065808565037E-05
я 0,016 0,014113725176026737
